C 
C 
G 
A 10 
D 10 
C 7 10 13 17 
E 7 10 13 17 
F 7 10 13 15 17 
A 7 10 13 15 17 
C 7 10 13 14 15 17 
G 7 10 13 14 15 17 
C 7 10 13 14 15 17 
B 7 10 13 14 15 17 
A 7 10 13 14 15 17 
D 7 10 13 14 15 17 
A 3 5 7 10 13 14 15 17 
A 3 5 7 10 13 14 15 17 
B 2 3 4 5 13 14 15 17 
A 2 3 4 5 13 14 15 17 
A 2 3 4 5 13 14 15 17 
C 2 3 4 5 13 14 15 17 
E 2 3 5 6 7 14 15 17 
A 2 3 5 6 7 14 15 17 
F 2 3 5 6 11 14 15 16 
A 2 3 5 6 11 14 15 16 
G 2 3 4 5 6 11 14 15 
D 2 3 4 5 6 11 14 15 
F 2 3 4 5 6 11 14 15 
B 2 3 4 5 6 11 14 15 
B 2 3 5 6 11 12 14 15 
B 2 3 5 6 11 12 14 15 
C 2 3 5 6 12 14 15 17 
A 2 3 5 6 12 14 15 17 
C 2 3 5 6 12 14 15 17 
F 2 3 5 6 7 14 15 17 
E 2 3 5 6 7 14 15 17 
G 2 3 5 6 7 14 15 17 
A 2 3 5 6 7 14 15 17 
G 3 5 6 7 11 14 15 17 
G 3 5 6 7 11 14 15 17 
G 3 6 7 10 11 12 14 17 
F 3 6 7 10 11 12 14 17 
D 3 6 7 10 11 12 14 17 
F 2 7 10 11 12 14 16 17 
E 2 7 10 11 12 14 16 17 
E 2 7 10 11 12 14 16 17 
A 6 7 10 11 12 14 16 17 
G 6 7 10 11 12 14 16 17 
F 6 7 10 11 12 14 16 17 
C 6 7 10 11 12 14 16 17 
C 6 7 10 11 12 14 16 17 
B 6 7 10 11 12 14 16 17 
E 7 10 11 12 14 15 16 17 
B 7 10 11 12 14 15 16 17 
G 8 10 11 12 14 15 16 17 
C 8 10 11 12 14 15 16 17 
E 2 5 8 10 11 14 15 16 
B 2 5 8 10 11 14 15 16 
D 2 5 8 10 11 14 15 16 
G 2 5 8 10 11 14 15 16 
E 2 5 8 10 11 14 15 16 
G 2 5 8 10 11 14 15 16 
A 2 5 8 10 11 15 16 17 
F 2 5 8 10 11 15 16 17 
B 3 5 8 10 11 12 16 17 
E 3 5 8 10 11 12 16 17 
C 3 5 8 10 11 15 16 17 
G 3 5 8 10 11 15 16 17 
F 3 5 8 10 11 15 16 17 
A 3 5 8 10 11 15 16 17 
D 3 5 8 10 11 15 16 17 
E 3 5 8 10 11 14 16 17 
D 3 5 8 10 11 14 16 17 
A 3 8 10 11 13 14 15 16 
A 3 8 10 11 13 14 15 16 
A 3 8 10 11 13 14 15 16 
G 3 8 10 11 13 14 15 16 
